0.011084
0.008211
0.010263
0.014368
0.01519
0.019705
0.0234
0.035305
0.031611
0.029148
0.034895
0.038179
0.06199
0.050084
0.073895
0.081284
0.064042
0.099758
0.10838
0.118232
0.207317
0.129317
0.144096
0.146149
0.154358
0.173654
0.181864
0.191717
0.153127
0.160927
0.221275
0.229896
0.199107
0.268075
0.281212
0.289013
0.307896
0.32637
0.253707
0.266022
0.291064
0.209369
0.139169
0.066096
0.042695
0.03859
0.043926
0.078411
0.076359
0.089085
0.084158
0.078001
0.093601
0.091138
0.079643
0.231949
0.139169
0.057885
0.18679
0.149432
0.166264
0.240569
0.240569
0.437213
0.030789
0.029558
0.0312
0.022579
0.031201
0.033253
0.033664
0.035306
0.039
0.039
0.042695
0.029148
0.026274
0.024632
0.025453
0.025042
0.027916
0.026684
0.026684
0.033664
0.038589
0.044748
0.034074
0.043927
0.034484
0.050906
0.062811
0.048032
0.047621
0.050905
0.0546
0.039
0.037358
0.065684
0.036948
0.055832
0.060348
0.059526
0.070611
0.065274
0.065685
0.064043
0.074716
0.066916
0.060348
0.066096
0.06158
0.17078
0.068148
0.649457
0.066916
0.068148
0.079643
0.07759
0.072254
1.70123
0.079643
0.07759
0.079643
0.073074
0.080874
0.062401
0.082516
0.072663
0.076768
0.083748
0.082516
0.073895
0.091958
0.092369
0.08539
0.091958
0.092779
0.095653
0.097295
0.097295
0.101811
0.097296
0.102221
0.1092
0.709804
0.098117
0.10099
0.098937
0.079643
0.073484
0.103864
0.084159
0.105505
0.112485
0.117411
0.110843
0.080874
0.09319
0.12439
0.088264
0.080053
0.154359
0.121106
0.129727
0.0936
0.134653
0.125211
0.118643
0.090316
0.121106
0.09278
0.09319
0.127264
0.107559
0.143685
0.137528
0.144506
0.146148
0.151895
0.150253
0.15477
0.15518
0.151485
0.153537
0.146559
0.164622
0.119053
0.31898
0.106737
0.156001
0.111254
0.166264
0.160516
0.168316
0.159695
0.157232
0.174474
0.112074
0.110022
0.109611
0.110021
0.120695
0.126443
0.131369
0.105095
0.107148
0.109611
0.121106
0.107148
0.110021
0.120284
0.135064
0.122748
0.115769
0.117001
0.122337
0.120696
0.181454
0.125622
0.133011
0.141222
0.1404
0.143274
0.136706
0.132601
0.13219
0.128085
0.129727
0.136706
0.131369
0.175706
0.164622
0.137116
0.142864
0.136706
0.144506
0.145327
0.16298
0.149432
0.14779
0.14738
0.149843
0.16298
0.149432
0.157643
0.154769
0.158875
0.153949
0.156411
0.156412
0.16339
0.226611
0.179401
0.167906
0.165853
0.176117
0.175707
0.167496
0.166675
0.170369
0.168727
0.172832
0.172832
0.181044
0.175706
0.173243
0.175295
0.186791
0.181453
0.206086
0.183917
0.18638
0.191307
0.196643
0.188432
0.191306
0.193359
0.191717
0.188433
0.196232
0.201159
0.20198
0.199517
0.214296
0.199517
0.211011
0.201159
0.251654
0.205264
0.212653
0.204854
0.261097
0.211832
0.212243
0.226611
0.205675
0.21799
0.218401
0.230306
0.219633
0.216348
0.222507
0.222506
0.220454
0.227433
0.228254
0.229896
0.231127
0.229075
0.22497
0.233181
0.236054
0.237696
0.24057
0.23277
0.245086
0.242212
0.241801
0.236054
0.24837
0.249191
0.247549
0.252885
0.339917
0.255759
0.261096
0.25617
0.253707
0.261507
0.261506
0.251243
0.26397
0.262738
0.265612
0.264791
0.330886
0.279159
0.270949
0.275465
0.289012
0.276696
0.27916
0.270128
0.278749
0.273823
0.277106
0.286138
0.28778
0.281622
0.287781
0.284906
0.288601
0.283676
0.395339
0.295991
0.293938
0.323086
0.435571
0.295992
0.297222
0.324728
0.30297
0.302559
0.307075
0.311591
0.303791
0.305434
0.311592
0.321034
0.313233
0.314464
0.31118
0.319801
0.328423
0.323907
0.321033
0.320212
0.351823
0.329655
0.424487
0.342791
0.34936
0.333759
0.335812
0.379739
0.340739
0.339507
0.343202
0.346486
0.340739
0.348128
0.346897
0.380149
0.367423
0.345255
0.360854
0.352644
0.376044
0.35716
0.367012
0.364549
0.36455
0.369476
0.364139
0.367834
0.374402
0.373581
0.373581
0.38015
0.370297
0.379328
0.379738
0.371939
0.378508
0.38877
0.408476
0.380149
0.39575
0.383434
0.391234
0.406013
0.415866
0.391644
0.401086
0.394518
0.394518
0.409707
0.399034
0.51193
0.409297
0.40396
0.415455
0.413402
0.409707
0.429823
0.41135
0.433518
0.417097
0.456918
0.460613
0.487298
0.433929
0.46595
0.734025
0.443371
0.442139
0.443371
0.489351
0.438855
0.464308
0.441319
0.447476
0.454866
0.456097
0.446245
0.51275
0.459792
0.455276
0.501256
0.459382
0.468413
0.46636
0.480318
0.467182
0.488119
0.471697
0.497972
0.486066
0.86211
0.674499
0.479087
0.487298
0.472929
0.49715
0.483603
0.497561
0.496329
0.497561
0.490582
0.716783
0.493866
0.508645
0.514803
0.539845
0.54354
0.509056
0.505771
0.522192
0.509876
0.527119
0.518497
0.52096
0.581309
0.562424
0.531635
0.525477
