wglab
4.918872
28.900832
51.503609
32.566251
50.320291
143.254128
238.436139
191.117121
243.674896
708.90516
432.703357
620.144367
1430.291818
1684.182076
1193.222888
2996.585613
1817.131889
2334.710806
2142.610509
3605.483546
6577.603095
4296.985342
4458.656372
9086.443338
10700.127569
6184.557343
7441.434761
8032.556415
10642.931463
11240.571842
wszerz
3.549525
12.337807
11.029187
13.524118
18.266369
26.378959
42.717892
55.969596
85.908342
113.76014
164.283139
200.292429
258.017115
410.35204
466.09669
633.399919
625.18341
708.373586
959.770196
1089.498494
1278.281482
1550.583084
1511.216713
1692.679554
2174.947965
2181.666831
2606.459452
2965.701325
3359.768742
3368.104994
