wglab
3.520445
23.349033
61.108281
42.692661
58.078784
127.954391
342.668585
264.692788
378.447369
1066.885455
669.192389
913.556663
2227.662262
1588.273909
1742.793716
2444.372741
2394.577181
3222.588151
6917.961922
8511.17352
5477.82894
10538.495027
12457.013755
8195.544192
9592.358857
17887.747767
21364.176568
12656.028782
15020.536354
26356.851716
wszerz
3.059006
21.912117
14.804941
13.577148
34.91407
31.772954
59.48106
72.604466
126.359244
174.569492
266.154937
253.829531
419.546166
710.030744
720.725933
1066.988091
945.518211
1283.411187
1213.799441
1810.48102
1824.297226
2281.050967
2529.114017
2587.44982
3318.914564
3403.640872
3767.532623
4452.94292
4433.771636
5338.87102
