wglab
9.309164
7.752932
19.408205
15.022189
27.713665
40.679696
65.528082
166.376076
119.699393
182.592702
406.719551
365.513841
306.460008
524.990153
1202.685579
945.35442
691.918758
1089.965921
1540.886039
1350.161503
2252.03809
1591.645102
2712.624464
2953.19887
2925.335527
3533.882355
7054.261974
4148.959455
4151.991091
5360.776294
wszerz
8.3803
6.490499
14.435448
6.769757
14.224187
25.607898
25.267059
38.452903
41.413977
74.350149
91.056864
106.528089
142.947928
209.317204
229.348072
274.389407
356.342809
361.255694
530.022353
597.899536
794.33453
820.033092
747.432902
959.896781
1031.413297
1004.709322
1458.135918
1396.814665
1976.709556
1651.733003
